,Time,Force
0,0.0,-0.7653
1,0.0009,-0.7273
2,0.0019,-0.6948
3,0.0028,-0.6686
4,0.0037,-0.6488
5,0.0046,-0.6356
6,0.0056,-0.6286
7,0.0065,-0.6273
8,0.0074,-0.631
9,0.0083,-0.6387
10,0.0093,-0.6493
11,0.0102,-0.6616
12,0.0111,-0.6745
13,0.012,-0.6866
14,0.013,-0.697
15,0.0139,-0.7048
16,0.0148,-0.709
17,0.0157,-0.7094
18,0.0167,-0.7054
19,0.0176,-0.6972
20,0.0185,-0.6848
21,0.0194,-0.6686
22,0.0204,-0.6493
23,0.0213,-0.6275
24,0.0222,-0.6041
25,0.0231,-0.5801
26,0.0241,-0.5563
27,0.025,-0.5337
28,0.0259,-0.5132
29,0.0269,-0.4957
30,0.0278,-0.4819
31,0.0287,-0.4724
32,0.0296,-0.4676
33,0.0306,-0.468
34,0.0315,-0.4736
35,0.0324,-0.4846
36,0.0333,-0.5007
37,0.0343,-0.5217
38,0.0352,-0.547
39,0.0361,-0.576
40,0.037,-0.608
41,0.038,-0.6421
42,0.0389,-0.6773
43,0.0398,-0.7124
44,0.0407,-0.7463
45,0.0417,-0.7777
46,0.0426,-0.8055
47,0.0435,-0.8284
48,0.0444,-0.8453
49,0.0454,-0.8553
50,0.0463,-0.8576
51,0.0472,-0.8516
52,0.0481,-0.8371
53,0.0491,-0.8139
54,0.05,-0.7825
55,0.0509,-0.7434
56,0.0519,-0.6977
57,0.0528,-0.6466
58,0.0537,-0.5915
59,0.0546,-0.5341
60,0.0556,-0.4764
61,0.0565,-0.42
62,0.0574,-0.3669
63,0.0583,-0.3186
64,0.0593,-0.2767
65,0.0602,-0.2424
66,0.0611,-0.2166
67,0.062,-0.1996
68,0.063,-0.1916
69,0.0639,-0.1922
70,0.0648,-0.2007
71,0.0657,-0.2161
72,0.0667,-0.2369
73,0.0676,-0.2616
74,0.0685,-0.2884
75,0.0694,-0.3156
76,0.0704,-0.3413
77,0.0713,-0.3641
78,0.0722,-0.3826
79,0.0731,-0.3955
80,0.0741,-0.4024
81,0.075,-0.4027
82,0.0759,-0.3965
83,0.0769,-0.3843
84,0.0778,-0.3668
85,0.0787,-0.3452
86,0.0796,-0.3208
87,0.0806,-0.2951
88,0.0815,-0.2699
89,0.0824,-0.2467
90,0.0833,-0.2271
91,0.0843,-0.2126
92,0.0852,-0.2043
93,0.0861,-0.2031
94,0.087,-0.2095
95,0.088,-0.2239
96,0.0889,-0.2461
97,0.0898,-0.2755
98,0.0907,-0.3113
99,0.0917,-0.3524
100,0.0926,-0.3974
101,0.0935,-0.4448
102,0.0944,-0.4931
103,0.0954,-0.5405
104,0.0963,-0.5857
105,0.0972,-0.627
106,0.0981,-0.6634
107,0.0991,-0.6939
108,0.1,-0.7178
109,0.1009,-0.7349
110,0.1019,-0.7451
111,0.1028,-0.7487
112,0.1037,-0.7464
113,0.1046,-0.7391
114,0.1056,-0.7278
115,0.1065,-0.7137
116,0.1074,-0.6982
117,0.1083,-0.6825
118,0.1093,-0.6678
119,0.1102,-0.6551
120,0.1111,-0.6454
121,0.112,-0.6392
122,0.113,-0.637
123,0.1139,-0.6388
124,0.1148,-0.6444
125,0.1157,-0.6536
126,0.1167,-0.6657
127,0.1176,-0.68
128,0.1185,-0.6957
129,0.1194,-0.7119
130,0.1204,-0.7278
131,0.1213,-0.7425
132,0.1222,-0.7553
133,0.1231,-0.7659
134,0.1241,-0.7737
135,0.125,-0.7787
136,0.1259,-0.7809
137,0.1269,-0.7805
138,0.1278,-0.7778
139,0.1287,-0.7734
140,0.1296,-0.7677
141,0.1306,-0.7614
142,0.1315,-0.7551
143,0.1324,-0.7493
144,0.1333,-0.7445
145,0.1343,-0.7409
146,0.1352,-0.7387
147,0.1361,-0.7381
148,0.137,-0.7388
149,0.138,-0.7407
150,0.1389,-0.7434
151,0.1398,-0.7463
152,0.1407,-0.7491
153,0.1417,-0.7512
154,0.1426,-0.752
155,0.1435,-0.7511
156,0.1444,-0.7481
157,0.1454,-0.7427
158,0.1463,-0.7348
159,0.1472,-0.7243
160,0.1481,-0.7114
161,0.1491,-0.6962
162,0.15,-0.6792
163,0.1509,-0.6608
164,0.1519,-0.6415
165,0.1528,-0.6219
166,0.1537,-0.6027
167,0.1546,-0.5843
168,0.1556,-0.5673
169,0.1565,-0.5523
170,0.1574,-0.5395
171,0.1583,-0.5293
172,0.1593,-0.5219
173,0.1602,-0.5173
174,0.1611,-0.5155
175,0.162,-0.5163
176,0.163,-0.5197
177,0.1639,-0.5251
178,0.1648,-0.5324
179,0.1657,-0.5411
180,0.1667,-0.5508
181,0.1676,-0.5612
182,0.1685,-0.5718
183,0.1694,-0.5823
184,0.1704,-0.5925
185,0.1713,-0.602
186,0.1722,-0.6109
187,0.1731,-0.6188
188,0.1741,-0.6259
189,0.175,-0.632
190,0.1759,-0.6373
191,0.1769,-0.6418
192,0.1778,-0.6456
193,0.1787,-0.6487
194,0.1796,-0.6514
195,0.1806,-0.6536
196,0.1815,-0.6554
197,0.1824,-0.6569
198,0.1833,-0.6581
199,0.1843,-0.659
200,0.1852,-0.6595
201,0.1861,-0.6597
202,0.187,-0.6595
203,0.188,-0.659
204,0.1889,-0.658
205,0.1898,-0.6566
206,0.1907,-0.6547
207,0.1917,-0.6525
208,0.1926,-0.6499
209,0.1935,-0.647
210,0.1944,-0.6439
211,0.1954,-0.6406
212,0.1963,-0.637
213,0.1972,-0.6333
214,0.1981,-0.6293
215,0.1991,-0.6251
216,0.2,-0.6204
217,0.2009,-0.6154
218,0.2019,-0.6097
219,0.2028,-0.6034
220,0.2037,-0.5963
221,0.2046,-0.5884
222,0.2056,-0.5796
223,0.2065,-0.57
224,0.2074,-0.5596
225,0.2083,-0.5486
226,0.2093,-0.5372
227,0.2102,-0.5257
228,0.2111,-0.5143
229,0.212,-0.5033
230,0.213,-0.4932
231,0.2139,-0.484
232,0.2148,-0.4763
233,0.2157,-0.4701
234,0.2167,-0.4656
235,0.2176,-0.4629
236,0.2185,-0.4619
237,0.2194,-0.4627
238,0.2204,-0.465
239,0.2213,-0.4686
240,0.2222,-0.4733
241,0.2231,-0.4787
242,0.2241,-0.4845
243,0.225,-0.4906
244,0.2259,-0.4965
245,0.2269,-0.5022
246,0.2278,-0.5075
247,0.2287,-0.5124
248,0.2296,-0.517
249,0.2306,-0.5213
250,0.2315,-0.5257
251,0.2324,-0.5304
252,0.2333,-0.5358
253,0.2343,-0.5422
254,0.2352,-0.5501
255,0.2361,-0.5598
256,0.237,-0.5717
257,0.238,-0.586
258,0.2389,-0.6029
259,0.2398,-0.6224
260,0.2407,-0.6446
261,0.2417,-0.6693
262,0.2426,-0.6961
263,0.2435,-0.7246
264,0.2444,-0.7542
265,0.2454,-0.7843
266,0.2463,-0.8142
267,0.2472,-0.843
268,0.2481,-0.87
269,0.2491,-0.8944
270,0.25,-0.9154
271,0.2509,-0.9325
272,0.2519,-0.945
273,0.2528,-0.9526
274,0.2537,-0.9551
275,0.2546,-0.9523
276,0.2556,-0.9445
277,0.2565,-0.9318
278,0.2574,-0.9148
279,0.2583,-0.894
280,0.2593,-0.8701
281,0.2602,-0.844
282,0.2611,-0.8166
283,0.262,-0.7886
284,0.263,-0.761
285,0.2639,-0.7346
286,0.2648,-0.7102
287,0.2657,-0.6885
288,0.2667,-0.67
289,0.2676,-0.6551
290,0.2685,-0.6441
291,0.2694,-0.6372
292,0.2704,-0.6343
293,0.2713,-0.6354
294,0.2722,-0.6401
295,0.2731,-0.6481
296,0.2741,-0.659
297,0.275,-0.6721
298,0.2759,-0.6869
299,0.2769,-0.7028
300,0.2778,-0.7191
301,0.2787,-0.7353
302,0.2796,-0.7507
303,0.2806,-0.7648
304,0.2815,-0.7771
305,0.2824,-0.7872
306,0.2833,-0.7949
307,0.2843,-0.7998
308,0.2852,-0.8018
309,0.2861,-0.8009
310,0.287,-0.797
311,0.288,-0.7902
312,0.2889,-0.7806
313,0.2898,-0.7682
314,0.2907,-0.7533
315,0.2917,-0.736
316,0.2926,-0.7165
317,0.2935,-0.695
318,0.2944,-0.6717
319,0.2954,-0.6469
320,0.2963,-0.6207
321,0.2972,-0.5936
322,0.2981,-0.5658
323,0.2991,-0.5378
324,0.3,-0.5101
325,0.3009,-0.4831
326,0.3019,-0.4574
327,0.3028,-0.4335
328,0.3037,-0.4121
329,0.3046,-0.3937
330,0.3056,-0.3789
331,0.3065,-0.368
332,0.3074,-0.3615
333,0.3083,-0.3598
334,0.3093,-0.3629
335,0.3102,-0.3709
336,0.3111,-0.3837
337,0.312,-0.4012
338,0.313,-0.423
339,0.3139,-0.4487
340,0.3148,-0.4778
341,0.3157,-0.5097
342,0.3167,-0.5438
343,0.3176,-0.5795
344,0.3185,-0.6163
345,0.3194,-0.6536
346,0.3204,-0.6909
347,0.3213,-0.7277
348,0.3222,-0.7636
349,0.3231,-0.7984
350,0.3241,-0.8318
351,0.325,-0.8636
352,0.3259,-0.8935
353,0.3269,-0.9216
354,0.3278,-0.9475
355,0.3287,-0.9713
356,0.3296,-0.9928
357,0.3306,-1.0118
358,0.3315,-1.0282
359,0.3324,-1.0419
360,0.3333,-1.0527
361,0.3343,-1.0604
362,0.3352,-1.0651
363,0.3361,-1.0667
364,0.337,-1.0651
365,0.338,-1.0604
366,0.3389,-1.0529
367,0.3398,-1.0427
368,0.3407,-1.0301
369,0.3417,-1.0156
370,0.3426,-0.9997
371,0.3435,-0.9829
372,0.3444,-0.9657
373,0.3454,-0.9487
374,0.3463,-0.9326
375,0.3472,-0.9178
376,0.3481,-0.9049
377,0.3491,-0.8942
378,0.35,-0.8863
379,0.3509,-0.8812
380,0.3519,-0.8791
381,0.3528,-0.8801
382,0.3537,-0.884
383,0.3546,-0.8906
384,0.3556,-0.8996
385,0.3565,-0.9106
386,0.3574,-0.9231
387,0.3583,-0.9366
388,0.3593,-0.9506
389,0.3602,-0.9644
390,0.3611,-0.9777
391,0.362,-0.99
392,0.363,-1.0009
393,0.3639,-1.0102
394,0.3648,-1.0176
395,0.3657,-1.0231
396,0.3667,-1.0267
397,0.3676,-1.0285
398,0.3685,-1.0287
399,0.3694,-1.0275
400,0.3704,-1.0252
401,0.3713,-1.022
402,0.3722,-1.0183
403,0.3731,-1.0143
404,0.3741,-1.0102
405,0.375,-1.0062
406,0.3759,-1.0025
407,0.3769,-0.9992
408,0.3778,-0.9962
409,0.3787,-0.9936
410,0.3796,-0.9914
411,0.3806,-0.9894
412,0.3815,-0.9876
413,0.3824,-0.986
414,0.3833,-0.9846
415,0.3843,-0.9832
416,0.3852,-0.9819
417,0.3861,-0.9808
418,0.387,-0.9799
419,0.388,-0.9792
420,0.3889,-0.9789
421,0.3898,-0.9791
422,0.3907,-0.9797
423,0.3917,-0.9808
424,0.3926,-0.9823
425,0.3935,-0.9842
426,0.3944,-0.9862
427,0.3954,-0.9882
428,0.3963,-0.9897
429,0.3972,-0.9906
430,0.3981,-0.9903
431,0.3991,-0.9885
432,0.4,-0.9848
433,0.4009,-0.9788
434,0.4019,-0.9701
435,0.4028,-0.9586
436,0.4037,-0.9442
437,0.4046,-0.9269
438,0.4056,-0.9068
439,0.4065,-0.8843
440,0.4074,-0.8599
441,0.4083,-0.8341
442,0.4093,-0.8077
443,0.4102,-0.7815
444,0.4111,-0.7565
445,0.412,-0.7337
446,0.413,-0.7138
447,0.4139,-0.6978
448,0.4148,-0.6865
449,0.4157,-0.6804
450,0.4167,-0.68
451,0.4176,-0.6855
452,0.4185,-0.6969
453,0.4194,-0.7139
454,0.4204,-0.7362
455,0.4213,-0.763
456,0.4222,-0.7934
457,0.4231,-0.8264
458,0.4241,-0.8608
459,0.425,-0.8956
460,0.4259,-0.9294
461,0.4269,-0.961
462,0.4278,-0.9894
463,0.4287,-1.0137
464,0.4296,-1.033
465,0.4306,-1.0467
466,0.4315,-1.0545
467,0.4324,-1.0562
468,0.4333,-1.0519
469,0.4343,-1.0418
470,0.4352,-1.0264
471,0.4361,-1.0064
472,0.437,-0.9825
473,0.438,-0.9558
474,0.4389,-0.9271
475,0.4398,-0.8975
476,0.4407,-0.868
477,0.4417,-0.8396
478,0.4426,-0.8131
479,0.4435,-0.7893
480,0.4444,-0.7689
481,0.4454,-0.7524
482,0.4463,-0.7401
483,0.4472,-0.7322
484,0.4481,-0.7286
485,0.4491,-0.7293
486,0.45,-0.7339
487,0.4509,-0.7421
488,0.4519,-0.7534
489,0.4528,-0.7673
490,0.4537,-0.7831
491,0.4546,-0.8002
492,0.4556,-0.8181
493,0.4565,-0.836
494,0.4574,-0.8536
495,0.4583,-0.8703
496,0.4593,-0.8857
497,0.4602,-0.8995
498,0.4611,-0.9113
499,0.462,-0.9211
500,0.463,-0.9286
501,0.4639,-0.934
502,0.4648,-0.9372
503,0.4657,-0.9383
504,0.4667,-0.9375
505,0.4676,-0.935
506,0.4685,-0.9312
507,0.4694,-0.9263
508,0.4704,-0.9205
509,0.4713,-0.9143
510,0.4722,-0.9079
511,0.4731,-0.9016
512,0.4741,-0.8956
513,0.475,-0.8902
514,0.4759,-0.8856
515,0.4769,-0.8817
516,0.4778,-0.8787
517,0.4787,-0.8765
518,0.4796,-0.875
519,0.4806,-0.8742
520,0.4815,-0.8737
521,0.4824,-0.8734
522,0.4833,-0.8732
523,0.4843,-0.8727
524,0.4852,-0.8717
525,0.4861,-0.8701
526,0.487,-0.8677
527,0.488,-0.8645
528,0.4889,-0.8603
529,0.4898,-0.8553
530,0.4907,-0.8494
531,0.4917,-0.843
532,0.4926,-0.8362
533,0.4935,-0.8294
534,0.4944,-0.8228
535,0.4954,-0.8169
536,0.4963,-0.812
537,0.4972,-0.8085
538,0.4981,-0.8068
539,0.4991,-0.8072
540,0.5,-0.8099
541,0.5009,-0.8151
542,0.5019,-0.8229
543,0.5028,-0.8332
544,0.5037,-0.846
545,0.5046,-0.8609
546,0.5056,-0.8776
547,0.5065,-0.8957
548,0.5074,-0.9146
549,0.5083,-0.9337
550,0.5093,-0.9523
551,0.5102,-0.9698
552,0.5111,-0.9856
553,0.512,-0.9989
554,0.513,-1.0093
555,0.5139,-1.0164
556,0.5148,-1.0198
557,0.5157,-1.0193
558,0.5167,-1.0148
559,0.5176,-1.0065
560,0.5185,-0.9945
561,0.5194,-0.9791
562,0.5204,-0.9609
563,0.5213,-0.9402
564,0.5222,-0.9177
565,0.5231,-0.894
566,0.5241,-0.8696
567,0.525,-0.8452
568,0.5259,-0.8213
569,0.5269,-0.7984
570,0.5278,-0.777
571,0.5287,-0.7575
572,0.5296,-0.7402
573,0.5306,-0.7252
574,0.5315,-0.7128
575,0.5324,-0.703
576,0.5333,-0.6959
577,0.5343,-0.6912
578,0.5352,-0.689
579,0.5361,-0.6891
580,0.537,-0.6912
581,0.538,-0.695
582,0.5389,-0.7003
583,0.5398,-0.7067
584,0.5407,-0.714
585,0.5417,-0.7217
586,0.5426,-0.7296
587,0.5435,-0.7374
588,0.5444,-0.7447
589,0.5454,-0.7512
590,0.5463,-0.7569
591,0.5472,-0.7616
592,0.5481,-0.7651
593,0.5491,-0.7673
594,0.55,-0.7683
595,0.5509,-0.7681
596,0.5519,-0.7668
597,0.5528,-0.7644
598,0.5537,-0.7611
599,0.5546,-0.757
600,0.5556,-0.7522
601,0.5565,-0.747
602,0.5574,-0.7413
603,0.5583,-0.7355
604,0.5593,-0.7296
605,0.5602,-0.7238
606,0.5611,-0.7183
607,0.562,-0.7131
608,0.563,-0.7086
609,0.5639,-0.7048
610,0.5648,-0.702
611,0.5657,-0.7005
612,0.5667,-0.7004
613,0.5676,-0.7019
614,0.5685,-0.7052
615,0.5694,-0.7106
616,0.5704,-0.7182
617,0.5713,-0.728
618,0.5722,-0.74
619,0.5731,-0.7542
620,0.5741,-0.7704
621,0.575,-0.7884
622,0.5759,-0.8076
623,0.5769,-0.8278
624,0.5778,-0.8484
625,0.5787,-0.8686
626,0.5796,-0.8879
627,0.5806,-0.9056
628,0.5815,-0.9209
629,0.5824,-0.933
630,0.5833,-0.9415
631,0.5843,-0.9456
632,0.5852,-0.945
633,0.5861,-0.9392
634,0.587,-0.9282
635,0.588,-0.9118
636,0.5889,-0.8902
637,0.5898,-0.8639
638,0.5907,-0.8333
639,0.5917,-0.799
640,0.5926,-0.762
641,0.5935,-0.7232
642,0.5944,-0.6835
643,0.5954,-0.644
644,0.5963,-0.6059
645,0.5972,-0.5699
646,0.5981,-0.5372
647,0.5991,-0.5084
648,0.6,-0.4841
649,0.6009,-0.4649
650,0.6019,-0.4508
651,0.6028,-0.442
652,0.6037,-0.4383
653,0.6046,-0.4391
654,0.6056,-0.444
655,0.6065,-0.4522
656,0.6074,-0.4628
657,0.6083,-0.4749
658,0.6093,-0.4874
659,0.6102,-0.4995
660,0.6111,-0.5101
661,0.612,-0.5186
662,0.613,-0.5241
663,0.6139,-0.5264
664,0.6148,-0.525
665,0.6157,-0.5199
666,0.6167,-0.5113
667,0.6176,-0.4996
668,0.6185,-0.4852
669,0.6194,-0.4691
670,0.6204,-0.4519
671,0.6213,-0.4347
672,0.6222,-0.4186
673,0.6231,-0.4044
674,0.6241,-0.3931
675,0.625,-0.3855
676,0.6259,-0.3824
677,0.6269,-0.3843
678,0.6278,-0.3915
679,0.6287,-0.4042
680,0.6296,-0.4222
681,0.6306,-0.4452
682,0.6315,-0.4729
683,0.6324,-0.5046
684,0.6333,-0.5394
685,0.6343,-0.5766
686,0.6352,-0.6151
687,0.6361,-0.654
688,0.637,-0.6922
689,0.638,-0.729
690,0.6389,-0.7633
691,0.6398,-0.7943
692,0.6407,-0.8216
693,0.6417,-0.8445
694,0.6426,-0.8626
695,0.6435,-0.8758
696,0.6444,-0.884
697,0.6454,-0.8872
698,0.6463,-0.8857
699,0.6472,-0.8796
700,0.6481,-0.8696
701,0.6491,-0.8559
702,0.65,-0.8392
703,0.6509,-0.8201
704,0.6519,-0.7991
705,0.6528,-0.777
706,0.6537,-0.7543
707,0.6546,-0.7318
708,0.6556,-0.7101
709,0.6565,-0.6897
710,0.6574,-0.6714
711,0.6583,-0.6557
712,0.6593,-0.643
713,0.6602,-0.6339
714,0.6611,-0.6286
715,0.662,-0.6274
716,0.663,-0.6304
717,0.6639,-0.6376
718,0.6648,-0.6488
719,0.6657,-0.6636
720,0.6667,-0.6817
721,0.6676,-0.7024
722,0.6685,-0.7248
723,0.6694,-0.7482
724,0.6704,-0.7715
725,0.6713,-0.794
726,0.6722,-0.8144
727,0.6731,-0.8321
728,0.6741,-0.8461
729,0.675,-0.8557
730,0.6759,-0.8607
731,0.6769,-0.8605
732,0.6778,-0.8553
733,0.6787,-0.8452
734,0.6796,-0.8306
735,0.6806,-0.8121
736,0.6815,-0.7907
737,0.6824,-0.7673
738,0.6833,-0.743
739,0.6843,-0.7189
740,0.6852,-0.6962
741,0.6861,-0.6759
742,0.687,-0.6592
743,0.688,-0.6468
744,0.6889,-0.6395
745,0.6898,-0.6376
746,0.6907,-0.6414
747,0.6917,-0.6508
748,0.6926,-0.6656
749,0.6935,-0.6852
750,0.6944,-0.7088
751,0.6954,-0.7354
752,0.6963,-0.7641
753,0.6972,-0.7937
754,0.6981,-0.8228
755,0.6991,-0.8504
756,0.7,-0.8752
757,0.7009,-0.8964
758,0.7019,-0.9129
759,0.7028,-0.9243
760,0.7037,-0.93
761,0.7046,-0.93
762,0.7056,-0.9242
763,0.7065,-0.913
764,0.7074,-0.8969
765,0.7083,-0.8767
766,0.7093,-0.8531
767,0.7102,-0.8272
768,0.7111,-0.8
769,0.712,-0.7726
770,0.713,-0.7459
771,0.7139,-0.7209
772,0.7148,-0.6984
773,0.7157,-0.6791
774,0.7167,-0.6636
775,0.7176,-0.6521
776,0.7185,-0.6448
777,0.7194,-0.6418
778,0.7204,-0.6427
779,0.7213,-0.6472
780,0.7222,-0.6549
781,0.7231,-0.6651
782,0.7241,-0.6772
783,0.725,-0.6904
784,0.7259,-0.7039
785,0.7269,-0.717
786,0.7278,-0.7291
787,0.7287,-0.7395
788,0.7296,-0.7477
789,0.7306,-0.7533
790,0.7315,-0.7561
791,0.7324,-0.756
792,0.7333,-0.753
793,0.7343,-0.7472
794,0.7352,-0.7392
795,0.7361,-0.7292
796,0.737,-0.7178
797,0.738,-0.7058
798,0.7389,-0.6937
799,0.7398,-0.6824
800,0.7407,-0.6724
801,0.7417,-0.6645
802,0.7426,-0.6591
803,0.7435,-0.6568
804,0.7444,-0.6577
805,0.7454,-0.6621
806,0.7463,-0.6699
807,0.7472,-0.681
808,0.7481,-0.695
809,0.7491,-0.7114
810,0.75,-0.7297
811,0.7509,-0.7491
812,0.7519,-0.7689
813,0.7528,-0.7883
814,0.7537,-0.8065
815,0.7546,-0.8227
816,0.7556,-0.8364
817,0.7565,-0.8469
818,0.7574,-0.8539
819,0.7583,-0.8571
820,0.7593,-0.8563
821,0.7602,-0.8517
822,0.7611,-0.8435
823,0.762,-0.8319
824,0.763,-0.8176
825,0.7639,-0.8011
826,0.7648,-0.783
827,0.7657,-0.7642
828,0.7667,-0.7453
829,0.7676,-0.7272
830,0.7685,-0.7104
831,0.7694,-0.6957
832,0.7704,-0.6834
833,0.7713,-0.6742
834,0.7722,-0.6681
835,0.7731,-0.6655
836,0.7741,-0.6662
837,0.775,-0.6702
838,0.7759,-0.6773
839,0.7769,-0.6871
840,0.7778,-0.6991
841,0.7787,-0.7129
842,0.7796,-0.7279
843,0.7806,-0.7436
844,0.7815,-0.7594
845,0.7824,-0.7747
846,0.7833,-0.7891
847,0.7843,-0.8022
848,0.7852,-0.8136
849,0.7861,-0.8231
850,0.787,-0.8305
851,0.788,-0.8358
852,0.7889,-0.8391
853,0.7898,-0.8405
854,0.7907,-0.8401
855,0.7917,-0.8383
856,0.7926,-0.8353
857,0.7935,-0.8315
858,0.7944,-0.8272
859,0.7954,-0.8228
860,0.7963,-0.8184
861,0.7972,-0.8144
862,0.7981,-0.8108
863,0.7991,-0.8079
864,0.8,-0.8057
865,0.8009,-0.8041
866,0.8019,-0.803
867,0.8028,-0.8024
868,0.8037,-0.802
869,0.8046,-0.8016
870,0.8056,-0.8011
871,0.8065,-0.8001
872,0.8074,-0.7985
873,0.8083,-0.7961
874,0.8093,-0.7927
875,0.8102,-0.7882
876,0.8111,-0.7826
877,0.812,-0.776
878,0.813,-0.7683
879,0.8139,-0.7599
880,0.8148,-0.7508
881,0.8157,-0.7414
882,0.8167,-0.7319
883,0.8176,-0.7226
884,0.8185,-0.714
885,0.8194,-0.7063
886,0.8204,-0.6998
887,0.8213,-0.6947
888,0.8222,-0.6913
889,0.8231,-0.6896
890,0.8241,-0.6897
891,0.825,-0.6916
892,0.8259,-0.6951
893,0.8269,-0.7
894,0.8278,-0.7062
895,0.8287,-0.7132
896,0.8296,-0.7208
897,0.8306,-0.7286
898,0.8315,-0.7364
899,0.8324,-0.7437
900,0.8333,-0.7504
901,0.8343,-0.7563
902,0.8352,-0.7611
903,0.8361,-0.7648
904,0.837,-0.7675
905,0.838,-0.769
906,0.8389,-0.7697
907,0.8398,-0.7695
908,0.8407,-0.7688
909,0.8417,-0.7678
910,0.8426,-0.7667
911,0.8435,-0.7658
912,0.8444,-0.7652
913,0.8454,-0.7653
914,0.8463,-0.7661
915,0.8472,-0.7677
916,0.8481,-0.7702
917,0.8491,-0.7735
918,0.85,-0.7776
919,0.8509,-0.7824
920,0.8519,-0.7876
921,0.8528,-0.7932
922,0.8537,-0.7988
923,0.8546,-0.8043
924,0.8556,-0.8094
925,0.8565,-0.8139
926,0.8574,-0.8177
927,0.8583,-0.8206
928,0.8593,-0.8226
929,0.8602,-0.8236
930,0.8611,-0.8238
931,0.862,-0.8233
932,0.863,-0.8223
933,0.8639,-0.8209
934,0.8648,-0.8196
935,0.8657,-0.8185
936,0.8667,-0.818
937,0.8676,-0.8185
938,0.8685,-0.8202
939,0.8694,-0.8233
940,0.8704,-0.8281
941,0.8713,-0.8345
942,0.8722,-0.8427
943,0.8731,-0.8526
944,0.8741,-0.8641
945,0.875,-0.8769
946,0.8759,-0.8907
947,0.8769,-0.9052
948,0.8778,-0.9201
949,0.8787,-0.935
950,0.8796,-0.9496
951,0.8806,-0.9635
952,0.8815,-0.9765
953,0.8824,-0.9883
954,0.8833,-0.9988
955,0.8843,-1.008
956,0.8852,-1.0157
957,0.8861,-1.022
958,0.887,-1.027
959,0.888,-1.0307
960,0.8889,-1.0334
961,0.8898,-1.035
962,0.8907,-1.0356
963,0.8917,-1.0354
964,0.8926,-1.0344
965,0.8935,-1.0324
966,0.8944,-1.0295
967,0.8954,-1.0254
968,0.8963,-1.0201
969,0.8972,-1.0132
970,0.8981,-1.0046
971,0.8991,-0.994
972,0.9,-0.9813
973,0.9009,-0.9662
974,0.9019,-0.9486
975,0.9028,-0.9286
976,0.9037,-0.906
977,0.9046,-0.881
978,0.9056,-0.8539
979,0.9065,-0.825
980,0.9074,-0.7945
981,0.9083,-0.763
982,0.9093,-0.7311
983,0.9102,-0.6991
984,0.9111,-0.6678
985,0.912,-0.6378
986,0.913,-0.6095
987,0.9139,-0.5834
988,0.9148,-0.5602
989,0.9157,-0.5401
990,0.9167,-0.5234
991,0.9176,-0.5105
992,0.9185,-0.5014
993,0.9194,-0.4963
994,0.9204,-0.4951
995,0.9213,-0.4979
996,0.9222,-0.5044
997,0.9231,-0.5144
998,0.9241,-0.5278
999,0.925,-0.5443
1000,0.9259,-0.5634
1001,0.9269,-0.5848
1002,0.9278,-0.608
1003,0.9287,-0.6326
1004,0.9296,-0.658
1005,0.9306,-0.6835
1006,0.9315,-0.7085
1007,0.9324,-0.7323
1008,0.9333,-0.7543
1009,0.9343,-0.7736
1010,0.9352,-0.7895
1011,0.9361,-0.8014
1012,0.937,-0.8086
1013,0.938,-0.8105
1014,0.9389,-0.8067
1015,0.9398,-0.7968
1016,0.9407,-0.7807
1017,0.9417,-0.7583
1018,0.9426,-0.7297
1019,0.9435,-0.6954
1020,0.9444,-0.6558
1021,0.9454,-0.6117
1022,0.9463,-0.5639
1023,0.9472,-0.5135
1024,0.9481,-0.4617
1025,0.9491,-0.4095
1026,0.95,-0.3584
1027,0.9509,-0.3095
1028,0.9519,-0.2639
1029,0.9528,-0.2228
1030,0.9537,-0.187
1031,0.9546,-0.157
1032,0.9556,-0.1335
1033,0.9565,-0.1166
1034,0.9574,-0.1061
1035,0.9583,-0.1018
1036,0.9593,-0.103
1037,0.9602,-0.1091
1038,0.9611,-0.1191
1039,0.962,-0.1319
1040,0.963,-0.1465
1041,0.9639,-0.1617
1042,0.9648,-0.1765
1043,0.9657,-0.19
1044,0.9667,-0.2013
1045,0.9676,-0.2098
1046,0.9685,-0.2151
1047,0.9694,-0.217
1048,0.9704,-0.2154
1049,0.9713,-0.2105
1050,0.9722,-0.2026
1051,0.9731,-0.1922
1052,0.9741,-0.1797
1053,0.975,-0.1658
1054,0.9759,-0.151
1055,0.9769,-0.1359
1056,0.9778,-0.1211
1057,0.9787,-0.1068
1058,0.9796,-0.0936
1059,0.9806,-0.0816
1060,0.9815,-0.071
1061,0.9824,-0.0619
1062,0.9833,-0.0544
1063,0.9843,-0.0483
1064,0.9852,-0.0436
1065,0.9861,-0.0403
1066,0.987,-0.0383
1067,0.988,-0.0374
1068,0.9889,-0.0377
1069,0.9898,-0.0393
1070,0.9907,-0.042
1071,0.9917,-0.0462
1072,0.9926,-0.0517
1073,0.9935,-0.0589
1074,0.9944,-0.0678
1075,0.9954,-0.0785
1076,0.9963,-0.091
1077,0.9972,-0.1055
1078,0.9981,-0.1219
1079,0.9991,-0.1401
1080,1.0,-0.1599
1081,1.0009,-0.1811
1082,1.0019,-0.2034
1083,1.0028,-0.2264
1084,1.0037,-0.2498
1085,1.0046,-0.2731
1086,1.0056,-0.296
1087,1.0065,-0.318
1088,1.0074,-0.3389
1089,1.0083,-0.3583
1090,1.0093,-0.376
1091,1.0102,-0.3921
1092,1.0111,-0.4064
1093,1.012,-0.4192
1094,1.013,-0.4306
1095,1.0139,-0.441
1096,1.0148,-0.4507
1097,1.0157,-0.46
1098,1.0167,-0.4695
1099,1.0176,-0.4795
1100,1.0185,-0.4903
1101,1.0194,-0.5022
1102,1.0204,-0.5153
1103,1.0213,-0.5297
1104,1.0222,-0.5453
1105,1.0231,-0.5618
1106,1.0241,-0.5788
1107,1.025,-0.5961
1108,1.0259,-0.6129
1109,1.0269,-0.6288
1110,1.0278,-0.643
1111,1.0287,-0.6551
1112,1.0296,-0.6645
1113,1.0306,-0.6707
1114,1.0315,-0.6735
1115,1.0324,-0.6726
1116,1.0333,-0.6682
1117,1.0343,-0.6604
1118,1.0352,-0.6495
1119,1.0361,-0.6362
1120,1.037,-0.6209
1121,1.038,-0.6047
1122,1.0389,-0.5882
1123,1.0398,-0.5724
1124,1.0407,-0.5582
1125,1.0417,-0.5464
1126,1.0426,-0.5377
1127,1.0435,-0.5328
1128,1.0444,-0.5321
1129,1.0454,-0.5358
1130,1.0463,-0.5441
1131,1.0472,-0.5567
1132,1.0481,-0.5734
1133,1.0491,-0.5937
1134,1.05,-0.6168
1135,1.0509,-0.642
1136,1.0519,-0.6685
1137,1.0528,-0.6953
1138,1.0537,-0.7216
1139,1.0546,-0.7464
1140,1.0556,-0.769
1141,1.0565,-0.7887
1142,1.0574,-0.8051
1143,1.0583,-0.8177
1144,1.0593,-0.8266
1145,1.0602,-0.8316
1146,1.0611,-0.8331
1147,1.062,-0.8316
1148,1.063,-0.8276
1149,1.0639,-0.8218
1150,1.0648,-0.8152
1151,1.0657,-0.8086
1152,1.0667,-0.803
1153,1.0676,-0.7993
1154,1.0685,-0.7982
1155,1.0694,-0.8005
1156,1.0704,-0.8067
1157,1.0713,-0.8171
1158,1.0722,-0.8318
1159,1.0731,-0.8506
1160,1.0741,-0.873
1161,1.075,-0.8983
1162,1.0759,-0.9254
1163,1.0769,-0.9533
1164,1.0778,-0.9803
1165,1.0787,-1.005
1166,1.0796,-1.0258
1167,1.0806,-1.041
1168,1.0815,-1.0494
1169,1.0824,-1.0496
1170,1.0833,-1.0408
1171,1.0843,-1.0224
1172,1.0852,-0.9945
1173,1.0861,-0.9575
1174,1.087,-0.9125
1175,1.088,-0.8611
1176,1.0889,-0.8056
1177,1.0898,-0.7484
1178,1.0907,-0.6927
1179,1.0917,-0.6414
1180,1.0926,-0.598
1181,1.0935,-0.5655
1182,1.0944,-0.5467
1183,1.0954,-0.5439
1184,1.0963,-0.5587
1185,1.0972,-0.5917
1186,1.0981,-0.6426
1187,1.0991,-0.7098
1188,1.1,-0.7907
1189,1.1009,-0.8814
1190,1.1019,-0.977
1191,1.1028,-1.0716
1192,1.1037,-1.1588
1193,1.1046,-1.2316
1194,1.1056,-1.2832
1195,1.1065,-1.3071
1196,1.1074,-1.2977
1197,1.1083,-1.2508
1198,1.1093,-1.1639
1199,1.1102,-1.0366
1200,1.1111,-0.8709
1201,1.112,-0.6715
1202,1.113,-0.4457
1203,1.1139,-0.2036
1204,1.1148,0.0427
1205,1.1157,0.2788
1206,1.1167,0.4893
1207,1.1176,0.658
1208,1.1185,0.7693
1209,1.1194,0.8086
1210,1.1204,0.7638
1211,1.1213,0.6262
1212,1.1222,0.3913
1213,1.1231,0.0599
1214,1.1241,-0.3617
1215,1.125,-0.8608
1216,1.1259,-1.4184
1217,1.1269,-2.0099
1218,1.1278,-2.6052
1219,1.1287,-3.17
1220,1.1296,-3.6674
1221,1.1306,-4.0594
1222,1.1315,-4.3094
1223,1.1324,-4.3839
1224,1.1333,-4.2554
1225,1.1343,-3.9047
1226,1.1352,-3.3227
1227,1.1361,-2.5126
1228,1.137,-1.4913
1229,1.138,-0.2901
1230,1.1389,1.0454
1231,1.1398,2.4557
1232,1.1407,3.8694
1233,1.1417,5.2057
1234,1.1426,6.3775
1235,1.1435,7.2963
1236,1.1444,7.8764
1237,1.1454,8.0406
1238,1.1463,7.7258
1239,1.1472,6.8878
1240,1.1481,5.5071
1241,1.1491,3.5923
1242,1.15,1.1839
1243,1.1509,-1.6447
1244,1.1519,-4.7868
1245,1.1528,-8.1045
1246,1.1537,-11.4328
1247,1.1546,-14.5854
1248,1.1556,-17.3631
1249,1.1565,-19.5632
1250,1.1574,-20.9908
1251,1.1583,-21.4706
1252,1.1593,-20.8595
1253,1.1602,-19.0578
1254,1.1611,-16.0203
1255,1.162,-11.7645
1256,1.163,-6.3762
1257,1.1639,-0.0118
1258,1.1648,7.1042
1259,1.1657,14.6863
1260,1.1667,22.3995
1261,1.1676,29.877
1262,1.1685,36.7419
1263,1.1694,42.6332
1264,1.1704,47.2355
1265,1.1713,50.3105
1266,1.1722,51.7296
1267,1.1731,51.5046
1268,1.1741,49.816
1269,1.175,47.0364
1270,1.1759,43.7462
1271,1.1769,40.7408
1272,1.1778,39.0273
1273,1.1787,39.8089
1274,1.1796,44.4571
1275,1.1806,54.4714
1276,1.1815,71.4261
1277,1.1824,96.9072
1278,1.1833,132.4398
1279,1.1843,179.4098
1280,1.1852,238.9842
1281,1.1861,312.0315
1282,1.187,399.0499
1283,1.188,500.1044
1284,1.1889,614.7803
1285,1.1898,742.154
1286,1.1907,880.7861
1287,1.1917,1028.7376
1288,1.1926,1183.6109
1289,1.1935,1342.6135
1290,1.1944,1502.6442
1291,1.1954,1660.3967
1292,1.1963,1812.477
1293,1.1972,1955.5288
1294,1.1981,2086.3609
1295,1.1991,2202.0695
1296,1.2,2300.151
1297,1.2009,2378.5971
1298,1.2019,2435.9703
1299,1.2028,2471.4537
1300,1.2037,2484.8747
1301,1.2046,2476.7012
1302,1.2056,2448.0107
1303,1.2065,2400.4352
1304,1.2074,2336.0847
1305,1.2083,2257.4535
1306,1.2093,2167.3144
1307,1.2102,2068.607
1308,1.2111,1964.3235
1309,1.212,1857.3993
1310,1.213,1750.6115
1311,1.2139,1646.4909
1312,1.2148,1547.2491
1313,1.2157,1454.724
1314,1.2167,1370.3442
1315,1.2176,1295.1136
1316,1.2185,1229.6142
1317,1.2194,1174.0267
1318,1.2204,1128.1661
1319,1.2213,1091.5297
1320,1.2222,1063.3544
1321,1.2231,1042.6801
1322,1.2241,1028.4158
1323,1.225,1019.4048
1324,1.2259,1014.4875
1325,1.2269,1012.5568
1326,1.2278,1012.607
1327,1.2287,1013.7722
1328,1.2296,1015.3545
1329,1.2306,1016.8421
1330,1.2315,1017.9154
1331,1.2324,1018.4445
1332,1.2333,1018.4764
1333,1.2343,1018.2157
1334,1.2352,1017.9982
1335,1.2361,1018.2608
1336,1.237,1019.5088
1337,1.238,1022.282
1338,1.2389,1027.1215
1339,1.2398,1034.5394
1340,1.2407,1044.991
1341,1.2417,1058.8522
1342,1.2426,1076.401
1343,1.2435,1097.8053
1344,1.2444,1123.1158
1345,1.2454,1152.2645
1346,1.2463,1185.0676
1347,1.2472,1221.2342
1348,1.2481,1260.3775
1349,1.2491,1302.0302
1350,1.25,1345.6608
1351,1.2509,1390.6927
1352,1.2519,1436.5227
1353,1.2528,1482.5399
1354,1.2537,1528.1433
1355,1.2546,1572.7583
1356,1.2556,1615.8508
1357,1.2565,1656.9394
1358,1.2574,1695.6049
1359,1.2583,1731.4976
1360,1.2593,1764.3415
1361,1.2602,1793.9364
1362,1.2611,1820.1584
1363,1.262,1842.9568
1364,1.263,1862.3514
1365,1.2639,1878.4262
1366,1.2648,1891.3238
1367,1.2657,1901.2378
1368,1.2667,1908.4048
1369,1.2676,1913.0969
1370,1.2685,1915.6125
1371,1.2694,1916.269
1372,1.2704,1915.3941
1373,1.2713,1913.3186
1374,1.2722,1910.3688
1375,1.2731,1906.8604
1376,1.2741,1903.0923
1377,1.275,1899.3412
1378,1.2759,1895.8571
1379,1.2769,1892.8597
1380,1.2778,1890.5354
1381,1.2787,1889.0347
1382,1.2796,1888.4713
1383,1.2806,1888.9214
1384,1.2815,1890.4238
1385,1.2824,1892.9807
1386,1.2833,1896.5599
1387,1.2843,1901.097
1388,1.2852,1906.4981
1389,1.2861,1912.6439
1390,1.287,1919.3935
1391,1.288,1926.5891
1392,1.2889,1934.0603
1393,1.2898,1941.63
1394,1.2907,1949.1185
1395,1.2917,1956.3491
1396,1.2926,1963.1532
1397,1.2935,1969.3742
1398,1.2944,1974.8725
1399,1.2954,1979.5287
1400,1.2963,1983.2471
1401,1.2972,1985.958
1402,1.2981,1987.6195
1403,1.2991,1988.2182
1404,1.3,1987.7696
1405,1.3009,1986.3172
1406,1.3019,1983.9309
1407,1.3028,1980.7047
1408,1.3037,1976.7537
1409,1.3046,1972.2105
1410,1.3056,1967.2208
1411,1.3065,1961.9391
1412,1.3074,1956.5243
1413,1.3083,1951.134
1414,1.3093,1945.9207
1415,1.3102,1941.0266
1416,1.3111,1936.5798
1417,1.312,1932.6904
1418,1.313,1929.4476
1419,1.3139,1926.9172
1420,1.3148,1925.1402
1421,1.3157,1924.1315
1422,1.3167,1923.8807
1423,1.3176,1924.3524
1424,1.3185,1925.4881
1425,1.3194,1927.2084
1426,1.3204,1929.4163
1427,1.3213,1932.0007
1428,1.3222,1934.8403
1429,1.3231,1937.8079
1430,1.3241,1940.775
1431,1.325,1943.6157
1432,1.3259,1946.2116
1433,1.3269,1948.4551
1434,1.3278,1950.2533
1435,1.3287,1951.5309
1436,1.3296,1952.2322
1437,1.3306,1952.3231
1438,1.3315,1951.7917
1439,1.3324,1950.6484
1440,1.3333,1948.9254
1441,1.3343,1946.6751
1442,1.3352,1943.9681
1443,1.3361,1940.8905
1444,1.337,1937.5408
1445,1.338,1934.0267
1446,1.3389,1930.4608
1447,1.3398,1926.9573
1448,1.3407,1923.6279
1449,1.3417,1920.5784
1450,1.3426,1917.9054
1451,1.3435,1915.693
1452,1.3444,1914.0109
1453,1.3454,1912.912
1454,1.3463,1912.4315
1455,1.3472,1912.586
1456,1.3481,1913.3735
1457,1.3491,1914.7743
1458,1.35,1916.7517
1459,1.3509,1919.2543
1460,1.3519,1922.2175
1461,1.3528,1925.5667
1462,1.3537,1929.2195
1463,1.3546,1933.0889
1464,1.3556,1937.0864
1465,1.3565,1941.1244
1466,1.3574,1945.1196
1467,1.3583,1948.9948
1468,1.3593,1952.6811
1469,1.3602,1956.1198
1470,1.3611,1959.2633
1471,1.362,1962.0757
1472,1.363,1964.5328
1473,1.3639,1966.6219
1474,1.3648,1968.3405
1475,1.3657,1969.695
1476,1.3667,1970.699
1477,1.3676,1971.3711
1478,1.3685,1971.7325
1479,1.3694,1971.8049
1480,1.3704,1971.6078
1481,1.3713,1971.1567
1482,1.3722,1970.4606
1483,1.3731,1969.521
1484,1.3741,1968.3301
1485,1.375,1966.8704
1486,1.3759,1965.1143
1487,1.3769,1963.0247
1488,1.3778,1960.5552
1489,1.3787,1957.6523
1490,1.3796,1954.2562
1491,1.3806,1950.3035
1492,1.3815,1945.7292
1493,1.3824,1940.4694
1494,1.3833,1934.4639
1495,1.3843,1927.6582
1496,1.3852,1920.0064
1497,1.3861,1911.4729
1498,1.387,1902.0343
1499,1.388,1891.6804
1500,1.3889,1880.4153
1501,1.3898,1868.2579
1502,1.3907,1855.2413
1503,1.3917,1841.4127
1504,1.3926,1826.8321
1505,1.3935,1811.571
1506,1.3944,1795.7107
1507,1.3954,1779.3403
1508,1.3963,1762.5546
1509,1.3972,1745.4519
1510,1.3981,1728.1318
1511,1.3991,1710.6929
1512,1.4,1693.2309
1513,1.4009,1675.8367
1514,1.4019,1658.5949
1515,1.4028,1641.5821
1516,1.4037,1624.8662
1517,1.4046,1608.5053
1518,1.4056,1592.5474
1519,1.4065,1577.0301
1520,1.4074,1561.9803
1521,1.4083,1547.4153
1522,1.4093,1533.3421
1523,1.4102,1519.7591
1524,1.4111,1506.6563
1525,1.412,1494.0164
1526,1.413,1481.8157
1527,1.4139,1470.0253
1528,1.4148,1458.6122
1529,1.4157,1447.54
1530,1.4167,1436.7707
1531,1.4176,1426.2651
1532,1.4185,1415.9843
1533,1.4194,1405.8902
1534,1.4204,1395.9468
1535,1.4213,1386.1204
1536,1.4222,1376.3809
1537,1.4231,1366.7016
1538,1.4241,1357.0603
1539,1.425,1347.439
1540,1.4259,1337.8243
1541,1.4269,1328.2074
1542,1.4278,1318.5836
1543,1.4287,1308.9527
1544,1.4296,1299.3183
1545,1.4306,1289.6873
1546,1.4315,1280.0696
1547,1.4324,1270.4776
1548,1.4333,1260.9256
1549,1.4343,1251.4292
1550,1.4352,1242.0049
1551,1.4361,1232.6696
1552,1.437,1223.4401
1553,1.438,1214.3327
1554,1.4389,1205.3627
1555,1.4398,1196.5445
1556,1.4407,1187.8911
1557,1.4417,1179.4141
1558,1.4426,1171.1235
1559,1.4435,1163.0278
1560,1.4444,1155.1338
1561,1.4454,1147.4471
1562,1.4463,1139.9716
1563,1.4472,1132.7101
1564,1.4481,1125.6643
1565,1.4491,1118.8349
1566,1.45,1112.2215
1567,1.4509,1105.8236
1568,1.4519,1099.6395
1569,1.4528,1093.6677
1570,1.4537,1087.9061
1571,1.4546,1082.3525
1572,1.4556,1077.0048
1573,1.4565,1071.8607
1574,1.4574,1066.9181
1575,1.4583,1062.1747
1576,1.4593,1057.6285
1577,1.4602,1053.2773
1578,1.4611,1049.1187
1579,1.462,1045.1501
1580,1.463,1041.3686
1581,1.4639,1037.7706
1582,1.4648,1034.3518
1583,1.4657,1031.1072
1584,1.4667,1028.0306
1585,1.4676,1025.1149
1586,1.4685,1022.3519
1587,1.4694,1019.732
1588,1.4704,1017.2448
1589,1.4713,1014.8786
1590,1.4722,1012.6209
1591,1.4731,1010.4585
1592,1.4741,1008.3776
1593,1.475,1006.3642
1594,1.4759,1004.4039
1595,1.4769,1002.4826
1596,1.4778,1000.5866
1597,1.4787,998.7024
1598,1.4796,996.817
1599,1.4806,994.918
1600,1.4815,992.9933
1601,1.4824,991.0313
1602,1.4833,989.0204
1603,1.4843,986.949
1604,1.4852,984.8049
1605,1.4861,982.5755
1606,1.487,980.2474
1607,1.488,977.806
1608,1.4889,975.2357
1609,1.4898,972.5196
1610,1.4907,969.6401
1611,1.4917,966.5788
1612,1.4926,963.317
1613,1.4935,959.8367
1614,1.4944,956.1207
1615,1.4954,952.1544
1616,1.4963,947.9258
1617,1.4972,943.4273
1618,1.4981,938.6563
1619,1.4991,933.6163
1620,1.5,928.3176
1621,1.5009,922.7782
1622,1.5019,917.0238
1623,1.5028,911.0884
1624,1.5037,905.0133
1625,1.5046,898.8472
1626,1.5056,892.645
1627,1.5065,886.4661
1628,1.5074,880.3733
1629,1.5083,874.4302
1630,1.5093,868.7
1631,1.5102,863.2422
1632,1.5111,858.1113
1633,1.512,853.3544
1634,1.513,849.009
1635,1.5139,845.1024
1636,1.5148,841.65
1637,1.5157,838.6551
1638,1.5167,836.1089
1639,1.5176,833.9916
1640,1.5185,832.2732
1641,1.5194,830.9159
1642,1.5204,829.8758
1643,1.5213,829.1055
1644,1.5222,828.5569
1645,1.5231,828.1834
1646,1.5241,827.9421
1647,1.525,827.7958
1648,1.5259,827.7134
1649,1.5269,827.6712
